# A B flag hc12-13 hc12-14 hc12-23 hc13-12 hc13-14 hc13-23 hc14-12 hc14-13 hc14-23 hc23-12 hc23-13 hc23-14 t12 t13 t14 t23 xf0 yf0 xf1 yf1
0.400000 0.250000 0 0 0 0 0 0 0 0 0 0 0 0 0 0.000000e+00 0.000000e+00 0.000000e+00 0.000000e+00  -1.148293e+00 3.983555e-01 -3.999974e-01 2.370332e+00
0.450000 0.250000 0 0 0 0 0 0 0 0 0 0 0 0 0 0.000000e+00 0.000000e+00 0.000000e+00 0.000000e+00  -9.693881e-01 4.524837e-01 -5.069893e-01 2.406500e+00
0.500000 0.250000 0 0 0 0 0 0 0 0 0 0 0 0 0 0.000000e+00 0.000000e+00 0.000000e+00 0.000000e+00  -8.316111e-01 4.838978e-01 -5.794167e-01 2.420994e+00
0.550000 0.250000 0 0 0 0 0 0 0 0 0 0 0 0 0 0.000000e+00 0.000000e+00 0.000000e+00 0.000000e+00  -7.290208e-01 4.888394e-01 -6.335583e-01 2.422407e+00
0.600000 0.250000 0 0 0 0 0 0 0 0 0 0 0 0 0 0.000000e+00 0.000000e+00 0.000000e+00 0.000000e+00  -6.546932e-01 4.707587e-01 -6.769778e-01 2.415708e+00
0.650000 0.250000 0 0 0 0 0 0 0 0 0 0 0 0 0 0.000000e+00 0.000000e+00 0.000000e+00 0.000000e+00  -6.019766e-01 4.332543e-01 -7.134946e-01 2.403846e+00
0.700000 0.250000 0 0 0 0 0 0 0 0 0 0 0 0 0 0.000000e+00 0.000000e+00 0.000000e+00 0.000000e+00  -5.647206e-01 3.786626e-01 -7.451679e-01 2.388659e+00
0.750000 0.250000 0 0 0 0 0 0 0 0 0 0 0 0 0 0.000000e+00 0.000000e+00 0.000000e+00 0.000000e+00  -5.370422e-01 3.081363e-01 -7.731834e-01 2.371355e+00
0.800000 0.250000 0 0 0 0 0 0 0 0 0 0 0 0 0 0.000000e+00 0.000000e+00 0.000000e+00 0.000000e+00  -5.128475e-01 2.221290e-01 -7.982727e-01 2.352762e+00
0.850000 0.250000 0 0 0 0 0 0 0 0 0 0 0 0 0 0.000000e+00 0.000000e+00 0.000000e+00 0.000000e+00  -4.852201e-01 1.211365e-01 -8.209198e-01 2.333463e+00
0.900000 0.250000 0 0 0 0 0 0 0 0 0 0 0 0 0 0.000000e+00 0.000000e+00 0.000000e+00 0.000000e+00  -4.458790e-01 6.952273e-03 -8.414640e-01 2.313878e+00
0.950000 0.250000 0 0 0 0 0 0 0 0 0 0 0 0 0 0.000000e+00 0.000000e+00 0.000000e+00 0.000000e+00  -3.854648e-01 -1.152075e-01 -8.601526e-01 2.294303e+00
1.000000 0.250000 0 0 0 0 0 0 0 0 0 0 0 0 0 0.000000e+00 0.000000e+00 0.000000e+00 0.000000e+00  -2.964489e-01 -2.344239e-01 -8.771696e-01 2.274942e+00
1.050000 0.250000 0 0 0 0 0 0 0 0 0 0 0 0 0 0.000000e+00 0.000000e+00 0.000000e+00 0.000000e+00  -1.792577e-01 -3.356847e-01 -8.926542e-01 2.255922e+00
1.100000 0.250000 0 0 0 0 0 0 0 0 0 0 0 0 0 0.000000e+00 0.000000e+00 0.000000e+00 0.000000e+00  -4.475608e-02 -4.084753e-01 -9.067180e-01 2.237302e+00
1.150000 0.250000 0 0 0 0 0 0 0 0 0 0 0 0 0 0.000000e+00 0.000000e+00 0.000000e+00 0.000000e+00  9.335841e-02 -4.529657e-01 -9.194615e-01 2.219098e+00
1.200000 0.250000 0 0 0 0 0 0 0 0 0 0 0 0 0 0.000000e+00 0.000000e+00 0.000000e+00 0.000000e+00  2.264266e-01 -4.759151e-01 -9.309840e-01 2.201298e+00
1.250000 0.250000 0 0 0 0 0 0 0 0 0 0 0 0 0 0.000000e+00 0.000000e+00 0.000000e+00 0.000000e+00  3.512633e-01 -4.845315e-01 -9.413867e-01 2.183883e+00
1.300000 0.250000 0 0 0 0 0 0 0 0 0 0 0 0 0 0.000000e+00 0.000000e+00 0.000000e+00 0.000000e+00  4.675994e-01 -4.841475e-01 -9.507703e-01 2.166834e+00
1.350000 0.250000 0 0 0 0 0 0 0 0 0 0 0 0 0 0.000000e+00 0.000000e+00 0.000000e+00 0.000000e+00  5.762411e-01 -4.782541e-01 -9.592317e-01 2.150136e+00
